112 89 83 95 15 68 12 109 171
48 181 52 146 141 171 197 84 37
142 176 86 200 150 185 141 152 114
75 96 13 139 94 169 95 129 89
189 101 160 33 14 84 25 119 20
53 68 63 151 187 154 147 128 12
6 10 111 195 109 74 114 144 170
174 72 93 61 143 184 92 98 6
87 169 113 8 83 135 5 105 4
104 172 81 154 104 27 124 150 196
198 57 193 102 89 23 63 197 101
117 133 74 78 35 2 140 90 65
120 55 116 19 16 102 152 143 79
3 200 40 111 181 190 8 3 72
185 164 52 129 41 70 195 128 110
193 198 196 150 112 12 72 63 118
135 187 28 191 91 113 194 39 1
59 198 93 84 155 182 27 135 85
176 67 189 37 5 190 21 51 22
18 144 114 73 98 153 98 157 66
41 86 44 26 157 95 126 56 147
37 40 144 136 106 156 109 177 126
56 143 31 111 13 176 183 46 0
3 153 122 96 54 49 106 93 1
8 79 170 181 158 116 36 159 43
18 149 81 27 112 107 36 80 187
33 179 176 177 68 37 34 36 161
16 120 24 120 37 99 117 89 115
72 39 55 23 110 50 178 123 153
138 118 109 104 98 117 116 175 197
83 80 180 146 15 35 88 138 122
59 68 172 125 41 44 138 136 197
78 110 0 191 196 111 192 90 114
195 122 185 191 130 133 131 43 119
22 55 179 145 163 68 92 24 75
192 189 178 163 146 21 68 152 133
45 160 70 138 54 31 97 45 94
7 118 101 152 15 144 112 185 13
173 68 190 179 76 12 6 37 4
46 189 93 37 50 48 107 163 155
59 108 114 194 28 107 119 33 0
90 53 140 69 72 56 190 123 175
40 73 144 71 50 78 104 119 184
198 28 151 45 48 35 145 141 188
192 113 120 16 128 13 186 63 125
15 132 136 110 102 83 0 22 112
21 127 193 26 62 179 161 110 1
184 51 67 60 165 179 169 89 27
99 147 150 112 171 7 137 175 118
174 151 75 115 89 130 24 172 53

49 154 9 57 189 73 116 129 82 6 79 1 23 42 137 26 111 55 18 60
47 36 46 40 46 169 198 142 176 87 153 18 35 53 93 136 167 188 195 10
62 64 38 137 149 126 44 68 109 183 123 173 29 177 178 116 7 185 83 180
26 44 117 139 169 140 200 150 11 96 57 14 174 153 82 77 40 36 151 78
29 13 194 105 5 63 119 145 105 58 131 89 45 9 138 141 178 111 12 125
35 173 194 121 178 180 134 64 198 111 161 175 160 32 76 139 74 130 181 78
29 121 138 121 185 194 128 192 193 30 17 144 149 131 86 196 179 76 74 172
10 165 33 32 152 107 162 80 82 82 180 8 59 97 195 44 185 95 121 183
126 96 99 36 38 10 113 165 128 73 128 24 120 0 24 98 28 189 52 71

